2023 1 13 13 39 24 5 2 118524 690 1695 17247
2023 1 13 13 52 24 5 3 125954 744 1695 17491
2023 1 13 13 53 34 4 3 116021 745 1693 17469
2023 1 13 13 54 11 4 3 123674 753 1736 17770
2023 1 13 13 55 39 4 3 115497 754 1738 17774
2023 1 13 13 55 53 4 3 124406 755 1739 17783
2023 1 13 13 56 29 4 3 124414 754 1738 17775
2023 1 13 13 58 52 4 3 126462 754 1746 17814
2023 1 13 13 59 33 4 3 118713 754 1747 17817
2023 1 13 13 59 56 4 3 85671 754 1767 17877
2023 1 13 14 1 11 4 3 85659 754 1767 17844
2023 1 13 14 2 54 4 3 85701 753 1768 17875
2023 1 13 14 3 36 4 3 85257 752 1787 17930
2023 1 13 14 4 1 4 3 84740 754 1787 17933
2023 1 13 14 4 12 4 3 84640 756 1788 17943
2023 1 13 14 6 16 4 3 85813 754 1794 17973
2023 1 13 14 7 25 4 3 85873 752 1797 17985
2023 1 13 14 10 19 4 2 102551 722 1776 17720
2023 1 13 14 10 31 4 2 102491 722 1776 17720
2023 1 13 14 11 4 4 2 102370 722 1780 17738
2023 1 13 14 11 42 4 2 102253 729 1780 17745
2023 1 13 14 12 23 4 2 102265 729 1780 17748
2023 1 13 14 12 36 4 2 102281 731 1778 17746
2023 1 13 14 13 26 4 2 102321 738 1769 17728
2023 1 13 14 14 17 4 2 102286 738 1765 17708
2023 1 13 14 15 31 4 2 102278 737 1765 17707
2023 1 13 14 16 31 4 2 102305 737 1770 17729
2023 1 13 14 17 14 4 2 102294 737 1769 17724
2023 1 13 14 37 56 4 2 118867 739 1771 17759
2023 1 13 14 43 28 4 3 119196 739 1771 17759
2023 2 4 10 30 23 4 7 62947 785 1803 18121
